127
127
127
127
127
127
178
127
127
127
127
127
127
127
127
127
127
127
127
127
127
127
127
127
127
127
127
127
127
127
127
127
1
25
29
17
5
26
30
21
15
11
10
6
20
13
6
3
20
9
15
10
27
27
0
6
10
30
24
10
6
20
25
28
186
127
127
127
127
127
127
127
127
127
127
127
127
127
127
127
159
127
127
127
127
127
127
127
127
127
127
164
127
127
127
127
0
0
0
0
0
0
0
0
0
0
0
0
0
0
0
0
0
0
0
0
0
0
0
0
0
0
0
0
0
0
0
0
127
127
127
127
127
127
127
127
127
127
127
127
127
127
127
127
127
127
127
127
127
127
127
127
127
127
127
127
127
127
127
156
30
18
12
5
15
30
23
16
26
7
15
29
17
14
8
16
29
0
24
25
27
22
25
16
17
13
1
26
17
6
15
15
0
0
0
0
0
0
0
0
0
0
0
0
0
0
0
0
0
0
0
0
0
0
0
0
0
0
0
0
0
0
0
0
0
0
0
0
0
0
0
0
0
0
0
0
0
0
0
0
0
0
0
0
0
0
0
0
0
0
0
0
0
0
0
0
127
127
127
127
127
127
127
127
127
127
127
127
127
127
127
189
127
127
127
127
127
127
127
127
127
127
127
127
127
127
127
127
6
23
4
6
5
11
1
11
18
21
26
2
19
6
10
17
25
20
30
0
9
14
1
1
11
17
4
2
9
22
17
30
0
0
0
0
0
0
0
0
0
0
0
0
0
0
0
0
0
0
0
0
0
0
0
0
0
0
0
0
0
0
0
0
15
28
7
9
18
17
17
12
1
18
8
19
13
8
30
9
30
14
16
8
5
21
14
18
5
15
20
23
20
12
21
18
0
0
0
0
0
0
0
0
0
0
0
0
0
0
0
0
0
0
0
0
0
0
0
0
0
0
0
0
0
0
0
0
9
8
1
0
4
12
28
19
7
21
8
15
9
29
10
24
19
26
18
26
12
21
19
16
17
16
12
27
19
17
1
15
0
0
0
0
0
0
0
0
0
0
0
0
0
0
0
0
0
0
0
0
0
0
0
0
0
0
0
0
0
0
0
0
127
127
127
241
127
127
127
180
127
127
202
194
127
127
127
127
127
127
127
127
127
127
127
127
127
127
127
127
127
127
127
127
0
0
0
0
0
0
0
0
0
0
0
0
0
0
0
0
0
0
0
0
0
0
0
0
0
0
0
0
0
0
0
0
218
247
242
168
150
197
157
148
200
185
127
196
152
229
127
127
211
161
130
143
166
251
191
240
127
132
210
160
136
128
201
146
127
127
221
127
127
127
127
127
127
127
127
149
127
127
127
127
127
127
127
127
127
127
127
127
127
127
127
127
127
127
127
127
28
0
4
20
1
11
4
14
26
28
1
1
26
1
8
3
2
0
19
23
21
26
20
12
19
30
19
7
1
28
18
10
127
127
127
127
127
127
127
127
127
127
127
127
127
127
127
127
127
127
127
127
127
173
127
127
127
127
127
127
127
127
127
127
21
17
28
5
12
22
1
3
16
8
3
8
19
16
2
2
26
19
5
26
0
11
26
22
8
27
18
26
27
13
20
16
127
127
127
127
127
217
127
127
127
127
127
127
127
127
127
127
127
127
127
127
127
127
127
127
127
127
127
127
127
127
127
127
21
9
28
13
14
0
0
3
19
20
29
13
21
10
2
13
21
24
29
25
17
17
15
14
21
17
26
13
14
25
20
16
127
127
127
127
127
127
127
127
127
127
127
181
127
127
250
127
127
127
127
127
127
127
127
127
127
147
127
127
127
127
127
127
13
27
17
17
12
6
19
2
24
1
23
11
21
18
4
16
2
7
11
8
20
30
11
25
6
21
10
16
2
25
6
14
0
0
0
0
0
0
0
0
0
0
0
0
0
0
0
0
0
0
0
0
0
0
0
0
0
0
0
0
0
0
0
0
23
1
21
22
10
15
5
22
1
30
25
19
8
28
29
4
24
26
20
21
13
28
30
11
24
13
5
10
3
28
29
3
7
6
10
14
27
20
19
26
11
13
7
25
27
28
18
3
2
24
27
16
28
28
23
11
14
10
12
14
0
3
5
17
127
127
127
127
127
127
127
127
127
127
127
127
127
127
127
127
127
127
127
127
127
127
127
127
165
127
127
127
127
127
127
127
0
0
0
0
0
0
0
0
0
0
0
0
0
0
0
0
0
0
0
0
0
0
0
0
0
0
0
0
0
0
0
0
7
2
17
2
2
19
9
24
15
26
4
15
24
2
29
5
24
30
25
9
3
15
28
9
27
4
28
0
9
27
24
28
127
127
127
225
127
127
127
127
127
127
127
127
127
127
127
127
127
127
127
127
127
127
127
127
127
127
127
127
219
127
127
127
127
127
127
127
127
127
153
127
127
127
127
127
127
127
127
127
127
127
127
127
127
127
213
127
127
127
127
127
127
127
127
127
17
28
14
8
24
25
0
20
2
3
27
1
7
30
13
3
5
7
23
3
28
11
30
28
9
7
14
3
20
1
0
30
12
18
30
21
9
16
13
15
12
5
12
12
6
25
11
4
17
26
24
19
22
10
4
7
10
8
14
4
4
7
6
24
30
7
15
22
21
13
24
15
22
15
30
22
2
4
29
7
0
7
14
29
12
22
25
2
18
30
17
16
10
29
30
3
6
27
7
17
14
10
12
0
5
19
23
6
5
28
3
24
27
4
25
4
1
8
10
18
13
24
20
3
6
23
3
29
127
127
127
127
127
167
127
127
127
127
127
127
127
245
127
127
127
127
127
127
127
127
127
127
127
127
127
127
127
151
127
127
15
18
17
30
5
19
30
22
17
11
12
29
27
20
27
28
26
11
14
24
11
23
14
10
14
3
10
12
0
5
8
26
127
127
127
232
127
127
170
127
127
127
127
127
127
127
127
127
127
139
127
127
127
127
127
127
127
127
127
249
127
127
127
127
0
0
0
0
0
0
0
0
0
0
0
0
0
0
0
0
0
0
0
0
0
0
0
0
0
0
0
0
0
0
0
0
30
20
24
14
14
15
23
22
6
13
16
17
28
26
4
11
3
0
2
5
23
20
24
8
4
30
25
29
0
12
19
22
0
0
0
0
0
0
0
0
0
0
0
0
0
0
0
0
0
0
0
0
0
0
0
0
0
0
0
0
0
0
0
0
19
18
14
0
7
5
18
26
24
24
25
7
26
20
2
0
0
23
7
3
19
10
2
4
16
5
8
22
14
9
14
0
24
28
9
27
10
20
30
23
1
13
11
9
25
13
21
19
16
1
20
27
5
19
15
10
22
30
0
27
11
25
5
22
0
0
0
0
0
0
0
0
0
0
0
0
0
0
0
0
0
0
0
0
0
0
0
0
0
0
0
0
0
0
0
0
10
23
12
11
17
6
2
7
0
20
14
19
17
1
25
25
0
13
24
12
26
21
20
28
24
18
1
14
21
16
18
10
0
0
0
0
0
0
0
0
0
0
0
0
0
0
0
0
0
0
0
0
0
0
0
0
0
0
0
0
0
0
0
0
13
12
26
18
22
27
23
15
23
19
20
19
12
19
19
29
24
26
23
25
18
10
8
21
27
16
4
25
15
14
1
15
24
30
28
20
10
7
24
28
29
5
18
15
13
24
29
22
21
21
20
16
7
24
3
19
11
17
19
14
30
7
0
29
0
0
0
0
0
0
0
0
0
0
0
0
0
0
0
0
0
0
0
0
0
0
0
0
0
0
0
0
0
0
0
0
9
7
23
0
5
13
0
19
18
25
6
8
16
8
18
7
21
24
25
30
16
15
26
23
17
11
8
3
25
3
23
16
3
27
15
6
18
25
0
0
4
22
4
21
21
16
6
30
24
16
6
20
12
17
9
19
1
9
30
27
9
26
9
29
11
20
0
15
29
21
12
21
18
6
6
27
8
2
25
16
11
15
22
5
20
22
25
8
18
7
17
5
24
26
10
6
7
8
16
14
12
3
11
20
16
16
26
22
21
0
9
21
4
28
4
27
6
26
26
10
27
4
26
11
13
3
18
8
0
0
0
0
0
0
0
0
0
0
0
0
0
0
0
0
0
0
0
0
0
0
0
0
0
0
0
0
0
0
0
0
127
127
127
127
127
127
127
127
127
203
127
127
127
127
204
127
127
127
127
127
127
127
127
127
127
127
127
127
127
127
127
163
27
7
13
21
28
21
19
11
13
19
11
24
0
23
23
9
0
10
18
24
26
6
2
3
30
20
3
21
29
18
7
29
14
15
5
16
13
27
22
14
4
4
30
18
6
25
6
14
27
3
3
1
4
11
9
8
0
15
13
22
9
18
9
23
0
0
0
0
0
0
0
0
0
0
0
0
0
0
0
0
0
0
0
0
0
0
0
0
0
0
0
0
0
0
0
0
20
26
0
5
10
9
25
7
9
15
29
9
19
1
13
28
6
11
20
17
17
18
20
10
10
12
16
17
27
12
13
25
0
7
27
1
20
15
30
30
3
8
30
10
5
28
19
9
17
13
14
17
5
19
29
18
24
8
4
0
30
3
11
20
127
127
231
127
127
127
127
127
127
127
127
127
127
226
127
127
127
127
127
127
127
127
127
127
127
127
127
127
127
127
127
127
13
21
22
7
15
14
6
12
17
28
28
8
20
1
2
15
27
4
23
27
9
21
26
11
21
22
18
26
27
29
17
5
0
0
0
0
0
0
0
0
0
0
0
0
0
0
0
0
0
0
0
0
0
0
0
0
0
0
0
0
0
0
0
0
1
10
12
6
27
13
20
22
23
22
23
7
30
4
28
26
26
1
2
25
14
11
30
1
16
13
3
12
21
27
0
16
0
0
0
0
0
0
0
0
0
0
0
0
0
0
0
0
0
0
0
0
0
0
0
0
0
0
0
0
0
0
0
0
215
127
127
127
127
127
127
127
127
127
127
127
127
172
127
127
127
127
127
127
127
127
127
127
127
127
127
127
127
127
127
127
127
127
127
127
127
127
127
127
127
127
127
127
127
127
127
127
127
190
233
183
127
127
127
127
127
127
127
127
127
127
127
127
17
19
2
5
29
8
2
8
22
8
6
8
14
22
9
27
30
25
2
9
28
26
4
13
11
23
0
9
23
27
1
18
5
30
26
3
10
22
22
29
13
25
20
9
18
27
26
15
18
1
7
24
12
5
17
21
20
11
13
15
24
16
12
15
155
127
127
127
127
127
127
127
127
127
127
127
127
127
127
127
127
127
127
127
127
127
127
127
127
127
127
127
127
127
127
127
127
127
127
127
127
127
127
220
127
127
127
127
127
127
127
127
127
127
127
127
127
127
127
127
127
127
236
127
252
127
127
127
9
16
8
0
9
2
15
15
26
23
23
30
8
11
7
3
15
15
4
28
30
2
0
1
22
26
2
0
16
10
0
0
19
23
7
1
25
9
25
29
19
3
26
19
7
6
15
3
28
21
25
11
28
4
22
7
0
3
6
23
11
14
19
8
9
1
28
30
30
3
6
19
30
16
21
20
8
16
9
7
2
8
30
13
20
19
29
12
9
10
9
26
27
9
10
16
0
29
28
19
11
17
27
14
24
18
13
28
12
18
1
14
1
21
0
1
3
4
15
11
8
30
28
20
24
25
7
25
0
0
0
0
0
0
0
0
0
0
0
0
0
0
0
0
0
0
0
0
0
0
0
0
0
0
0
0
0
0
0
0
13
25
13
25
1
22
3
12
13
5
13
26
1
6
30
13
12
28
24
5
18
5
24
17
24
2
28
7
26
13
27
3
0
0
0
0
0
0
0
0
0
0
0
0
0
0
0
0
0
0
0
0
0
0
0
0
0
0
0
0
0
0
0
0
13
4
0
4
8
14
0
2
24
30
13
14
18
3
16
20
29
19
16
12
28
16
14
22
13
2
18
26
11
2
3
28
127
127
127
127
127
127
127
198
127
127
127
127
127
127
127
127
127
127
127
127
127
127
127
127
127
199
127
127
223
209
127
127
127
127
127
127
127
127
127
127
127
127
127
127
127
127
127
127
127
127
127
127
127
127
127
175
127
127
127
127
127
192
127
127
0
0
0
0
0
0
0
0
0
0
0
0
0
0
0
0
0
0
0
0
0
0
0
0
0
0
0
0
0
0
0
0
8
14
24
26
24
20
2
12
20
9
15
28
3
26
3
11
28
6
16
12
27
30
8
15
27
16
6
23
10
15
0
30
0
0
0
0
0
0
0
0
0
0
0
0
0
0
0
0
0
0
0
0
0
0
0
0
0
0
0
0
0
0
0
0
15
30
7
22
2
5
28
6
23
18
26
11
10
9
26
18
29
27
4
17
3
1
2
26
24
25
10
19
24
11
17
6
0
0
0
0
0
0
0
0
0
0
0
0
0
0
0
0
0
0
0
0
0
0
0
0
0
0
0
0
0
0
0
0
7
15
15
28
2
16
17
4
11
4
27
10
2
14
16
27
22
6
28
0
21
1
25
5
24
25
23
3
12
3
22
30
127
127
127
177
127
127
127
127
127
127
127
127
127
127
127
127
127
127
127
127
127
127
127
127
127
127
127
127
127
127
133
127
4
14
19
4
2
18
7
19
5
26
9
13
17
27
28
26
21
2
5
16
30
22
5
11
29
15
26
26
24
19
20
10
25
30
7
6
23
23
15
15
12
27
24
18
1
26
14
5
9
21
0
3
9
27
23
30
16
17
17
16
16
25
29
12
7
22
1
15
17
21
28
24
17
15
0
17
17
23
5
18
1
22
25
13
21
20
9
2
23
11
5
13
25
29
17
30
0
0
0
0
0
0
0
0
0
0
0
0
0
0
0
0
0
0
0
0
0
0
0
0
0
0
0
0
0
0
0
0
21
5
13
4
22
20
7
1
29
25
17
16
26
14
12
10
7
0
20
12
17
1
11
4
3
8
25
12
12
18
7
0
0
0
0
0
0
0
0
0
0
0
0
0
0
0
0
0
0
0
0
0
0
0
0
0
0
0
0
0
0
0
0
0
15
13
20
24
2
0
25
13
23
0
13
22
7
29
27
0
0
16
29
11
6
13
0
6
13
15
7
7
6
14
8
0
15
17
11
9
13
16
14
26
2
6
29
18
19
19
7
12
6
4
30
23
27
0
21
9
15
20
0
11
17
27
15
9
0
0
0
0
0
0
0
0
0
0
0
0
0
0
0
0
0
0
0
0
0
0
0
0
0
0
0
0
0
0
0
0
0
0
0
0
0
0
0
0
0
0
0
0
0
0
0
0
0
0
0
0
0
0
0
0
0
0
0
0
0
0
0
0
127
127
127
127
127
127
127
127
127
255
127
127
127
127
127
127
127
127
127
127
127
127
127
127
127
127
127
137
127
127
127
127
2
1
11
22
9
4
24
25
26
9
13
7
17
10
10
24
29
18
3
20
13
30
22
25
21
16
27
25
9
4
11
16
10
3
4
7
2
16
21
17
21
7
6
17
27
13
0
0
9
19
2
6
21
30
10
18
16
0
10
4
7
23
21
1
9
10
10
23
15
16
4
28
10
10
2
30
14
28
28
30
25
28
28
24
4
16
17
30
24
21
23
11
29
19
12
14
29
17
19
22
9
18
14
15
12
16
6
7
6
18
7
24
28
23
10
29
10
11
18
20
12
24
26
8
6
12
21
20
0
0
0
0
0
0
0
0
0
0
0
0
0
0
0
0
0
0
0
0
0
0
0
0
0
0
0
0
0
0
0
0
0
0
0
0
0
0
0
0
0
0
0
0
0
0
0
0
0
0
0
0
0
0
0
0
0
0
0
0
0
0
0
0
0
27
19
9
13
23
24
5
19
5
30
13
28
22
18
8
16
4
4
22
11
23
7
22
22
9
3
12
15
3
5
1
0
0
0
0
0
0
0
0
0
0
0
0
0
0
0
0
0
0
0
0
0
0
0
0
0
0
0
0
0
0
0
0
0
0
0
0
0
0
0
0
0
0
0
0
0
0
0
0
0
0
0
0
0
0
0
0
0
0
0
0
0
0
0
0
13
30
6
3
4
18
3
8
6
1
29
10
29
22
6
28
0
30
1
7
17
0
23
2
25
1
16
6
8
15
11
12
127
127
127
127
127
127
127
127
127
127
127
127
127
127
127
127
207
127
127
127
127
127
127
127
127
129
182
127
127
127
127
127
6
1
21
25
29
19
10
25
3
21
2
12
15
11
5
7
25
14
17
6
22
10
18
28
30
1
24
26
9
11
17
28
127
127
243
127
127
127
127
127
127
127
127
127
127
127
127
141
127
127
127
162
127
127
127
127
127
127
127
127
230
127
127
127
14
25
5
4
28
8
1
15
30
25
12
30
24
26
20
12
28
14
28
17
28
14
13
18
9
4
18
26
8
26
24
24
0
0
0
0
0
0
0
0
0
0
0
0
0
0
0
0
0
0
0
0
0
0
0
0
0
0
0
0
0
0
0
0
15
26
30
23
13
8
3
25
4
17
14
1
6
25
16
28
28
2
21
1
13
13
29
18
5
15
16
6
11
27
30
24
8
16
13
23
26
7
8
21
12
4
6
17
18
29
16
18
4
12
8
21
8
6
11
14
10
18
5
27
21
16
1
10
127
127
127
127
127
127
127
127
127
127
127
127
127
127
127
127
127
127
127
127
127
127
127
187
127
127
127
127
127
127
127
127
0
0
0
0
0
0
0
0
0
0
0
0
0
0
0
0
0
0
0
0
0
0
0
0
0
0
0
0
0
0
0
0
1
8
19
29
6
7
26
10
12
11
1
29
21
0
3
4
11
27
4
7
9
15
27
16
28
16
13
27
18
14
15
11
18
24
26
6
2
18
11
22
9
13
25
2
12
4
16
22
30
23
4
13
16
19
21
30
29
6
4
30
4
30
3
18
127
246
127
127
127
127
127
239
127
127
205
127
127
127
127
127
127
127
127
127
127
127
127
127
127
127
127
127
127
127
127
127
9
15
11
16
0
13
13
9
12
24
21
15
20
11
6
0
8
18
27
25
15
30
14
25
12
23
30
9
5
19
16
11
0
0
0
0
0
0
0
0
0
0
0
0
0
0
0
0
0
0
0
0
0
0
0
0
0
0
0
0
0
0
0
0
0
0
0
0
0
0
0
0
0
0
0
0
0
0
0
0
0
0
0
0
0
0
0
0
0
0
0
0
0
0
0
0
17
3
17
0
27
10
11
17
19
18
15
19
26
13
15
25
0
4
10
6
27
4
3
9
15
25
30
26
18
1
1
19
